<?xml version="1.0"?>
<opencv_storage>
<calibration_time>"Sat Mar 12 14:24:34 2016"</calibration_time>
<nr_of_frames>30</nr_of_frames>
<image_width>640</image_width>
<image_height>480</image_height>
<board_width>9</board_width>
<board_height>6</board_height>
<square_size>50.</square_size>
<fix_aspect_ratio>1.</fix_aspect_ratio>
<!-- flags: +fix_aspectRatio +fix_principal_point +zero_tangent_dist -->
<flags>6158</flags>
<fisheye_model>0</fisheye_model>
<camera_matrix type_id="opencv-matrix">
  <rows>3</rows>
  <cols>3</cols>
  <dt>d</dt>
  <data>
    3.9683218974894680e+02 0. 3.1950000000000000e+02 0.
    3.9683218974894680e+02 2.3950000000000000e+02 0. 0. 1.</data></camera_matrix>
<distortion_coefficients type_id="opencv-matrix">
  <rows>5</rows>
  <cols>1</cols>
  <dt>d</dt>
  <data>
    -4.5596899020020748e-01 2.5706133556827276e-01 0. 0.
    -7.4662921360934026e-02</data></distortion_coefficients>
<avg_reprojection_error>5.8456998393156212e-01</avg_reprojection_error>
<per_view_reprojection_errors type_id="opencv-matrix">
  <rows>30</rows>
  <cols>1</cols>
  <dt>f</dt>
  <data>
    5.78720212e-01 5.90496898e-01 5.79273582e-01 6.19054615e-01
    6.54045105e-01 6.24240220e-01 6.11231208e-01 5.94780862e-01
    5.72917044e-01 6.11524582e-01 5.64287782e-01 5.50486624e-01
    5.56846142e-01 5.59630036e-01 5.78182995e-01 5.47827601e-01
    5.69078088e-01 5.93539476e-01 5.81172228e-01 6.44450724e-01
    5.89734316e-01 5.47500849e-01 5.76998830e-01 5.73999166e-01
    5.78944683e-01 5.65197587e-01 5.47400653e-01 5.91582716e-01
    5.96094787e-01 5.69553852e-01</data></per_view_reprojection_errors>
<extrinsic_parameters type_id="opencv-matrix">
  <rows>30</rows>
  <cols>6</cols>
  <dt>d</dt>
  <data>
    -1.0816764397759060e-01 3.5028540146004906e-02
    3.0772952765548851e+00 2.1598463992860880e+02 1.1490355829638879e+02
    3.0213537525653828e+02 -1.0867511412111441e-01
    3.5749827154949780e-02 3.0770475473313370e+00 2.1560729435940212e+02
    1.1455106052513393e+02 3.0120717673477515e+02
    -1.1039902991755646e-01 3.0151814639578552e-02
    3.0761845252133848e+00 2.1442342982298453e+02 1.1357713279823554e+02
    3.0032216009679951e+02 -1.1367611188942675e-01
    4.0353710914982244e-02 3.0774719751464552e+00 2.1434530276691939e+02
    1.1414050805493443e+02 3.0011803845374874e+02
    -1.1760707591623029e-01 4.0647503195094886e-02
    3.0778998345001116e+00 2.1342052023190794e+02 1.1500206236810865e+02
    2.9926883003250384e+02 -1.3201791354528880e-01
    4.8734040224137701e-02 3.0769892510057186e+00 2.1055965324946928e+02
    1.1676897149722400e+02 3.0124156790002797e+02
    -1.3957373116869642e-01 5.8325966728761107e-02
    3.0762450627235052e+00 2.0888780742559715e+02 1.1838282581282937e+02
    3.0211026082987064e+02 -1.4637960588924548e-01
    6.3529950953255476e-02 3.0752722169155229e+00 2.0727770928112568e+02
    1.1893338703808482e+02 3.0443878343647191e+02
    -1.4836286128743673e-01 7.1619795925983248e-02
    3.0749774456992629e+00 2.0625426468077049e+02 1.1939844761511816e+02
    3.0573204556986497e+02 -1.4867984851253993e-01
    6.8337752393377679e-02 3.0756245019207284e+00 2.0662347415961509e+02
    1.1928975153216346e+02 3.0403931780235189e+02
    -1.4920046238967541e-01 6.8837369638710968e-02
    3.0757723812120856e+00 2.0650478567667665e+02 1.1788997471529929e+02
    3.0669723748708708e+02 -1.5206326097103073e-01
    5.8214368293019882e-02 3.0782390842330685e+00 2.0771309856054029e+02
    1.1525055563828002e+02 3.0727640002970287e+02
    -1.5409982276557571e-01 6.2124747665738889e-02
    3.0793706673055006e+00 2.0863191018838307e+02 1.1486732328159313e+02
    3.0813994828695326e+02 -1.5447200641141226e-01
    6.8011775179362660e-02 3.0786331010567243e+00 2.0897488154186755e+02
    1.1413022567392650e+02 3.0908637799391306e+02
    -1.5331642831253112e-01 6.8742900726409845e-02
    3.0792945498141266e+00 2.0947729431187602e+02 1.1455177805081844e+02
    3.0861686601864000e+02 -1.5264042356023128e-01
    7.1758377116116198e-02 3.0794873758455856e+00 2.1000186287015757e+02
    1.1500164736402445e+02 3.0853299791282740e+02
    -1.5201862960531867e-01 7.0633713433526049e-02
    3.0793483636581143e+00 2.0999288747899803e+02 1.1493149270221156e+02
    3.0826508469983997e+02 -1.5346715094693902e-01
    7.0297325181243306e-02 3.0799037854786855e+00 2.0918891483462883e+02
    1.1415493873945212e+02 3.0898321240140478e+02
    -1.5615560440759613e-01 7.0693459719754423e-02
    3.0806098327109992e+00 2.0876448318285733e+02 1.1456196282315561e+02
    3.0835480781625870e+02 -1.6452233610201741e-01
    7.4630179121979820e-02 3.0814388721631092e+00 2.0610236595737084e+02
    1.1523563111860722e+02 3.0884471979027791e+02
    -1.8480198622785241e-01 6.5026407685087384e-02
    3.0739553562788497e+00 2.0029432118267411e+02 1.1089663739164104e+02
    3.1058451387565162e+02 -1.9004633951238489e-01
    6.3209573420293305e-02 3.0718332046696930e+00 1.9753403185186241e+02
    1.0989164278901750e+02 3.1046753365321030e+02
    -1.9057505003931149e-01 6.5017797279570744e-02
    3.0715061128274979e+00 1.9631391126796160e+02 1.0938799973761972e+02
    3.1057235903088588e+02 -1.9041531319145147e-01
    6.1900169446649174e-02 3.0706196229214928e+00 1.9462558360636515e+02
    1.0783210695437973e+02 3.0864031175756918e+02
    -1.9233958455626732e-01 5.9820961394945651e-02
    3.0710715195868179e+00 1.9273953280198498e+02 1.0757112696553614e+02
    3.0862829675918852e+02 -1.9251203524768681e-01
    5.8087436197335404e-02 3.0724083571985012e+00 1.9132053658440691e+02
    1.0711399479885448e+02 3.0838840233404773e+02
    -1.8729196739746254e-01 6.1246117394817653e-02
    3.0734799766650527e+00 1.9311047525491020e+02 1.0797951648184083e+02
    3.0831661712665357e+02 -1.7767811912351336e-01
    6.6508307176661466e-02 3.0726781583226730e+00 1.9611870369909002e+02
    1.0813873019219113e+02 3.0598854793281288e+02
    -1.5737244915078200e-01 7.7057977275504133e-02
    3.0772022698849915e+00 2.0282723004066497e+02 1.1175280717502004e+02
    3.0382086315326359e+02 -1.4583811637499244e-01
    8.0577160704027789e-02 3.0774932624136251e+00 2.0788680759071204e+02
    1.1201823885296666e+02 3.0220274679979582e+02</data></extrinsic_parameters>
